829
491 153
2 8
474 733
108 795
405 557
54 156
802 409
5 4
179 304
1 73
387 81
14 32
792 828
401 347
670 522
139 69
71 297
7 616
63 123
158 51
433 294
96 30
797 804
113 67
72 10
485 321
542 721
21 99
213 85
111 4
17 37
288 255
792 631
218 283
16 4
707 159
335 38
354 33
244 107
297 431
680 561
775 23
287 23
126 600
31 13
479 425
70 811
817 688
627 618
509 473
682 24
810 808
753 287
768 651
107 102
185 13
254 404
340 522
316 478
10 43
590 179
559 136
424 423
361 547
201 114
107 161
510 314
451 790
129 495
726 177
8 15
261 250
41 702
798 169
208 308
399 446
718 625
399 349
592 313
47 87
45 22
368 598
30 101
44 94
169 58
635 676
2 235
26 194
278 45
80 58
341 134
670 688
483 220
219 416
466 599
605 313
33 142
326 710
122 626
137 3
348 420
307 26
247 429
188 89
302 345
689 747
83 160
182 396
136 50
13 131
220 268
154 62
268 615
582 375
205 687
437 326
51 55
741 466
109 807
360 212
111 644
92 240
400 505
628 762
304 315
567 11
80 120
621 524
529 284
5 262
483 809
148 192
118 80
655 637
318 155
101 700
493 321
104 1
87 232
758 294
74 190
547 739
58 155
466 372
265 292
496 388
699 524
69 328
177 296
272 613
469 101
109 13
305 514
4 119
388 518
143 37
249 157
48 173
535 323
53 97
26 112
608 512
217 73
479 517
567 724
351 349
411 149
808 361
303 325
504 471
115 665
803 208
68 60
503 625
84 179
358 604
449 273
749 399
777 663
482 274
148 75
410 735
19 388
685 103
513 779
391 226
212 117
219 117
7 4
782 572
307 757
59 51
756 274
636 609
65 487
2 3
40 6
25 176
560 169
152 588
37 226
734 614
132 163
209 3
426 202
36 88
629 306
221 537
126 79
208 270
146 42
214 257
506 171
225 243
418 234
329 112
72 476
41 623
362 163
41 32
494 450
277 91
10 50
432 632
371 100
336 197
9 393
66 382
725 382
376 209
583 357
87 330
66 105
365 380
662 112
264 34
443 497
131 187
4 2
267 112
76 536
690 178
177 63
306 353
309 73
79 225
325 677
263 464
45 316
630 613
168 9
764 335
415 102
672 512
237 294
781 635
130 144
62 349
616 760
72 289
24 14
1 2
10 13
55 521
90 200
58 53
799 245
457 11
60 36
75 21
368 146
512 606
25 13
33 763
319 815
686 719
143 668
708 428
466 645
127 639
597 649
667 26
60 417
99 730
826 80
302 50
592 752
643 466
273 52
305 139
70 138
697 617
224 205
132 113
199 198
470 189
413 397
638 118
440 229
240 312
406 74
456 785
765 450
258 503
209 227
208 46
713 285
74 378
459 131
203 533
362 366
292 490
281 722
561 8
73 280
11 12
333 325
584 175
607 506
467 285
253 386
716 488
199 751
114 170
455 259
325 499
80 666
271 135
427 194
650 639
236 398
71 385
720 566
26 22
112 723
230 17
693 621
292 390
285 409
70 103
548 565
39 203
684 94
164 544
531 468
778 176
695 644
79 339
239 513
766 652
601 298
145 326
408 213
18 523
281 157
750 369
569 244
720 829
127 284
508 68
259 257
200 210
123 171
223 123
20 46
159 55
458 274
92 428
33 47
70 37
42 6
603 131
572 50
556 338
487 528
414 423
153 300
323 26
364 13
414 465
83 81
490 562
414 445
251 46
714 74
610 642
30 67
814 331
71 50
553 210
140 196
227 801
142 498
4 269
236 258
55 164
737 462
236 484
207 14
122 275
53 79
167 16
527 34
165 61
313 20
696 101
247 27
122 24
14 21
156 206
185 321
788 492
274 17
634 577
210 245
56 8
314 631
573 484
184 472
168 204
653 400
149 135
771 544
373 14
36 125
805 775
310 277
237 791
36 5
715 711
789 113
370 134
222 70
471 179
526 465
322 203
356 156
38 86
377 125
568 495
108 767
34 327
132 246
525 15
33 30
253 133
34 28
84 320
74 32
6 1
247 248
664 110
32 124
595 334
5 738
565 731
286 21
6 39
3 52
611 387
81 66
23 381
40 76
585 821
84 480
438 223
24 116
351 818
522 673
50 475
769 132
128 419
151 410
395 345
554 44
61 694
492 87
121 589
266 34
197 153
159 215
651 132
279 37
82 30
180 594
433 745
16 612
698 421
443 587
108 4
153 104
784 343
574 40
657 401
219 342
373 402
130 141
5 11
198 162
9 585
9 4
678 206
489 397
130 87
558 390
581 204
153 712
63 22
90 2
14 617
577 822
350 173
34 252
180 144
217 374
38 748
772 54
776 188
133 64
609 595
354 761
6 48
127 124
66 32
529 618
362 397
194 578
95 67
48 98
68 151
163 546
59 77
151 195
257 538
454 816
369 63
102 770
55 501
824 168
232 551
754 123
46 516
728 616
121 44
796 579
103 675
111 563
371 477
534 474
272 216
31 456
163 236
459 575
150 90
422 209
93 20
231 740
820 630
192 549
444 333
430 44
28 7
593 380
100 545
783 235
15 140
285 49
329 450
424 468
288 405
511 500
316 555
5 20
31 580
181 214
81 174
654 179
183 114
234 68
327 453
613 703
250 204
530 388
823 724
451 610
182 166
628 540
130 571
692 581
542 420
61 23
20 343
375 162
25 407
260 218
502 122
400 340
206 306
310 619
9 10
19 134
24 129
96 301
205 314
512 406
641 109
385 755
223 813
564 536
11 30
117 157
288 394
3 172
78 13
110 93
359 179
184 175
425 8
357 346
736 329
681 819
627 744
221 709
646 202
189 319
18 15
58 291
434 296
430 586
296 317
658 232
113 145
189 205
566 486
15 367
100 99
38 13
60 233
332 315
95 340
89 37
65 92
220 20
194 539
13 53
480 507
91 55
58 84
65 35
230 570
18 448
116 421
514 591
39 186
338 100
24 44
661 414
507 633
412 543
35 17
76 218
150 352
497 602
27 486
282 253
656 29
451 229
787 764
340 660
519 135
493 800
231 38
635 9
786 524
25 622
50 361
365 62
194 211
528 552
794 695
102 67
92 463
743 421
36 178
22 596
33 412
164 242
494 550
473 123
67 69
640 53
401 620
128 2
579 123
55 759
462 652
114 392
615 774
355 25
363 541
27 19
209 303
455 711
183 488
148 263
363 327
74 117
706 389
276 254
48 49
432 323
20 62
293 257
113 239
41 461
181 25
683 33
695 746
218 742
36 324
806 779
162 8
19 14
732 609
793 706
17 13
727 19
414 387
16 812
331 107
398 597
115 95
560 576
216 44
237 150
701 469
717 415
540 520
147 133
140 344
38 454
172 659
222 255
3 29
599 704
481 398
545 674
215 442
311 265
377 797
83 648
497 773
125 825
577 471
45 57
54 40
443 48
5 299
532 255
379 227
223 290
372 28
39 679
520 137
85 27
295 243
447 377
106 39
331 474
439 372
39 152
64 52
166 729